13
3197

13
3200

13
3199

3197
3200

3197
3199

3200
3199

16
3198

33
3201

37
3202

3203
42

3203
3204

42
3204

44
3205

3206
47

3208
46

3211
52

3212
50

51
3213

53
3214

45
3210

3207
48

3207
3209

48
3209

54
3215

59
3216

69
3219

3218
66

3220
70

3221
91

111
3222

116
3227

3226
3228

3226
115

3228
115

117
3229

136
3232

3233
135

3233
3230

135
3230

140
3231

141
3234

3235
143

155
3236

3237
157

165
3238

3240
166

3240
3243

166
3243

3242
164

3242
3241

164
3241

168
3244

168
3239

3244
3239

169
3245

3246
3249

3246
174

3249
174

3248
176

3248
3247

176
3247

3255
184

3255
3253

184
3253

186
3256

183
3250

183
3252

183
3257

3250
3252

3250
3257

3252
3257

3251
3254

3251
187

3251
3258

3254
187

3254
3258

187
3258

3260
189

3259
188

3262
3261

3262
190

3261
190

3263
191

3266
209

3264
206

3264
3268

206
3268

3265
3267

3265
211

3267
211

215
3274

214
3270

214
3273

3270
3273

3269
212

3269
3272

212
3272

216
3275

216
3277

3275
3277

3279
243

3280
244

3278
242

3278
3282

242
3282

3284
245

3284
3283

3284
3281

245
3283

245
3281

3283
3281

3285
247

248
3290

248
3288

3290
3288

3287
246

3287
3289

246
3289

251
3286

3291
252

3294
3293

3294
255

3294
3295

3293
255

3293
3295

255
3295

259
3292

259
3296

3292
3296

267
3300

3299
3297

3299
265

3299
3298

3297
265

3297
3298

265
3298

270
3302

270
3305

3302
3305

3303
3301

3303
65

3303
3304

3301
65

3301
3304

65
3304

273
3306

3307
288

287
3309

287
3311

3309
3311

3312
291

3312
3310

3312
3308

291
3310

291
3308

3310
3308

293
3317

3318
294

292
3314

292
3316

292
3313

3314
3316

3314
3313

3316
3313

3319
3315

3319
297

3315
297

3321
303

3323
3320

3323
302

3320
302

304
3322

3325
307

305
3324

308
3326

3330
320

3330
3328

320
3328

3327
3329

3327
317

3329
317

321
3331

3333
335

334
3332

3334
338

361
3338

3335
360

3335
3337

3335
3341

360
3337

360
3341

3337
3341

3336
366

3336
3340

366
3340

367
3342

3343
370

3344
381

3346
391

390
3345

393
3347

3353
3350

3353
402

3350
402

401
3352

401
3349

3352
3349

405
3348

405
3351

405
3354

3348
3351

3348
3354

3351
3354

3356
419

3356
3358

419
3358

426
3359

3360
427

3361
428

3362
429

425
3364

425
3363

3364
3363

3367
441

3367
3365

3367
3369

441
3365

441
3369

3365
3369

3375
3377

3375
451

3377
451

3379
450

3379
3374

450
3374

3373
3371

3373
3381

3373
3378

3373
448

3371
3381

3371
3378

3371
448

3381
3378

3381
448

3378
448

3372
3376

3372
3382

3372
452

3372
3380

3376
3382

3376
452

3376
3380

3382
452

3382
3380

452
3380

3383
453

456
3384

3386
462

3387
463

464
3392

3385
3389

3385
461

3389
461

3390
3388

3390
465

3390
3391

3388
465

3388
3391

465
3391

3393
466

3398
3394

3398
478

3394
478

3397
482

3397
3396

3397
3395

482
3396

482
3395

3396
3395

3399
493

3399
3401

493
3401

3400
3402

3400
498

3402
498

3408
3406

3408
499

3408
3404

3406
499

3406
3404

499
3404

3405
3407

3405
504

3405
3403

3407
504

3407
3403

504
3403

517
3409

519
3414

3415
522

3413
3410

3413
518

3410
518

3416
61

3416
3411

3416
3412

3416
3217

3416
3417

61
3411

61
3412

61
3217

61
3417

3411
3412

3411
3217

3411
3417

3412
3217

3412
3417

3217
3417

3418
524

3422
528

527
3419

527
3421

3419
3421

529
3423

529
3420

3423
3420

3424
533

3425
538

543
3426

3427
560

574
3429

3433
3431

3433
573

3431
573

3225
3428

3225
3223

3225
3224

3225
3432

3225
114

3225
3430

3428
3223

3428
3224

3428
3432

3428
114

3428
3430

3223
3224

3223
3432

3223
114

3223
3430

3224
3432

3224
114

3224
3430

3432
114

3432
3430

114
3430

3435
587

588
3434

607
3437

3436
610

619
3438

619
3440

3438
3440

3439
618

3439
3442

618
3442

3441
620

3444
624

622
3445

621
3443

3446
651

654
3447

660
3449

661
3450

3452
3448

3452
659

3448
659

3454
3453

3454
3451

3454
663

3453
3451

3453
663

3451
663

685
3457

3462
686

684
3459

684
3456

684
3460

3459
3456

3459
3460

3456
3460

3458
3461

3458
3455

3458
154

3461
3455

3461
154

3455
154

698
3463

702
3464

3467
3465

3467
3470

3467
703

3465
3470

3465
703

3470
703

3469
3466

3469
705

3469
3468

3466
705

3466
3468

705
3468

3473
3472

3473
706

3472
706

708
3471

710
3476

712
3477

709
3474

709
3479

3474
3479

3480
3478

3480
3366

3480
444

3480
3475

3480
3370

3480
3368

3478
3366

3478
444

3478
3475

3478
3370

3478
3368

3366
444

3366
3475

3366
3370

3366
3368

444
3475

444
3370

444
3368

3475
3370

3475
3368

3370
3368

241
3481

3483
725

3483
3482

725
3482

3488
3487

3488
731

3487
731

3485
729

3485
3486

729
3486

732
3490

732
3484

732
3489

3490
3484

3490
3489

3484
3489

3493
741

3491
740

3492
738

3276
3355

3276
3357

3276
81

3276
3494

3276
3271

3355
3357

3355
81

3355
3494

3355
3271

3357
81

3357
3494

3357
3271

81
3494

81
3271

3494
3271

755
3496

756
3497

754
3495

754
3498

3495
3498

3499
572

3500
762

3501
761

765
3503

767
3504

3505
768

3502
764

769
3506

3507
3511

3507
774

3507
3508

3511
774

3511
3508

774
3508

3510
3509

3510
667

3509
667

3514
784

3514
3512

784
3512

3513
787

3513
3515

787
3515

3518
3517

3518
811

3517
811

3516
3519

3516
3520

3516
41

3519
3520

3519
41

3520
41

834
3521

835
3524

835
3525

835
3523

3524
3525

3524
3523

3525
3523

837
3522

3526
850

860
3529

859
3531

859
3528

3531
3528

3530
3527

3530
3532

3530
861

3527
3532

3527
861

3532
861
